serial = [0.100027,0,0,0]
one_mutex = [0.144467,0.061615,0.027435,0.013708]
read_write_lock = [0.135741,0.039784,0.016597,0.015902]
