serial = [0.098149,0,0,0]
one_mutex = [0.131395, 0.138060, 0.139759, 0.145586]
read_write_lock = [0.137168,0.117934,0.111788,0.186531]
