serial = [0.098149,0,0,0]
one_mutex = [0.144952, 0.062469, 0.027505, 0.014296]
read_write_lock = [0.142103,0.046387,0.015754,0.014394]
