serial = [0.149778,0,0,0]
one_mutex = [0.215399,0.092643,0.041198,0.020417]
read_write_lock = [0.201282,0.060339,0.028299,0.021487]