serial = [0.148263,0,0,0]
one_mutex = [0.198891,0.206902,0.212567,0.218792]
read_write_lock = [0.204849,0.176875,0.188650,0.267402]