serial = [0.148263,0,0,0]
one_mutex = [0.214852,0.094009,0.041816,0.021246]
read_write_lock = [0.212615,0.068771,0.021711,0.021565]