serial = [0.049744,0,0,0]
one_mutex = [0.071907,0.030658,0.013694,0.006924]
read_write_lock = [0.068751,0.020252,0.00944,0.007911]