serial = [0.049139,0,0,0]
one_mutex = [0.072959,0.030751,0.013770,0.006991]
read_write_lock = [0.070043,0.024241,0.008730,0.007317]