serial = [0.049139,0,0,0]
one_mutex = [0.064443,0.064544,0.069420,0.070157]
read_write_lock = [0.070830,0.058933,0.054952,0.096375]